523028	18336	1
523028	38914	1
523028	10859	1
523028	341	1
523028	1180	1
523028	39697	0
523028	43786	0
523028	7112	0
523028	8467	0
523028	172	0
565327	8955	1
565327	8468	0
213139	531	1
213139	838	1
213139	73995	0
213139	32552	0
325490	1056	1
325490	531	1
325490	29030	0
325490	4510	0
67679	1571	1
67679	6525	1
67679	173	1
67679	6484	0
67679	4019	0
67679	8955	0
389943	1481	1
389943	973	1
389943	2172	0
389943	301309	0
45477	1216	1
45477	1217	1
45477	12374	0
45477	597	0
478771	2331	1
478771	597	0
254392	26203	1
254392	53468	1
254392	4955	0
254392	403	0
204454	6637	1
204454	4510	0
372968	103	1
372968	53419	0
507920	5174	1
507920	8467	0
352470	18336	1
352470	655	0
326300	12900	1
326300	4510	1
326300	53706	0
326300	26203	0
54122	793	1
54122	10571	1
54122	53770	0
54122	39697	0
183085	14250	1
183085	2738	0
326591	12900	1
326591	4510	1
326591	2341	0
326591	3841	0
151846	53419	1
151846	4773	0
243517	65	1
243517	174	0
190036	1570	1
190036	4301	1
190036	838	1
190036	53468	0
190036	65	0
190036	4510	0
219928	3553	1
219928	1570	1
219928	59166	1
219928	46641	0
219928	26203	0
219928	2712	0
405695	65	1
405695	531	1
405695	1481	1
405695	25	1
405695	1217	0
405695	13349	0
405695	320	0
405695	597	0
576937	6484	1
576937	46206	0
582941	67290	1
582941	173	1
582941	55887	0
582941	32552	0
330184	25	1
330184	53770	1
330184	8401	0
330184	341	0
433117	16211	1
433117	8302	0
250383	1571	1
250383	435	0
219731	320	1
219731	1481	1
219731	341	1
219731	20273	0
219731	14429	0
219731	25	0
250055	65	1
250055	25	1
250055	1120	0
250055	12867	0
123100	80	1
123100	1056	1
123100	1571	1
123100	5117	0
123100	301309	0
123100	2331	0
512590	46641	1
512590	5116	0
35999	1120	1
35999	3468	1
35999	173	1
35999	1056	0
35999	6184	0
35999	94956	0
527268	8401	1
527268	6874	0
132682	4301	1
132682	879	1
132682	597	0
132682	174	0
229326	370	1
229326	63962	0
42033	41635	1
42033	879	1
42033	2738	1
42033	1682	1
42033	341	1
42033	3468	0
42033	57757	0
42033	6184	0
42033	896	0
42033	38914	0
398970	10859	1
398970	14429	0
46772	320	1
46772	1481	1
46772	46641	1
46772	172	0
46772	4301	0
46772	57757	0
239109	43786	1
239109	25491	1
239109	53706	0
239109	468	0
37976	3841	1
37976	6874	1
37976	67290	0
37976	39697	0
169843	53706	1
169843	6525	0
15989	173	1
15989	2712	0
367963	2738	1
367963	531	1
367963	53770	1
367963	896	0
367963	8468	0
367963	3841	0
210844	2331	1
210844	174	0
384491	251	1
384491	12900	1
384491	2712	0
384491	597	0
487231	567	1
487231	2738	0
228626	46641	1
228626	174	1
228626	655	1
228626	2331	0
228626	193340	0
228626	1056	0
425268	14429	1
425268	1216	0
388676	1120	1
388676	4773	1
388676	6444	0
388676	42135	0
294690	18336	1
294690	4955	0
118258	58348	1
118258	17261	0
282428	793	1
282428	228055	0
552359	342	1
552359	8955	0
76365	1570	1
76365	8401	0
356654	1481	1
356654	174	1
356654	1230	1
356654	63599	1
356654	91059	0
356654	1704	0
356654	1571	0
356654	17261	0
197405	655	1
197405	55887	0
130024	3468	1
130024	174	0
49950	25491	1
49950	1180	1
49950	7112	0
49950	3608	0
575806	468	1
575806	4955	0
101119	1120	1
101119	42135	0
460197	1120	1
460197	107048	1
460197	3468	1
460197	32552	0
460197	2712	0
460197	6444	0
292089	6184	1
292089	320	0
589762	531	1
589762	94956	1
589762	17261	0
589762	10571	0
187251	40	1
187251	1180	1
187251	838	1
187251	3553	0
187251	3608	0
187251	26203	0
548560	3554	1
548560	531	1
548560	173	1
548560	80	0
548560	7692	0
548560	27212	0
246057	32552	1
246057	58348	0
510164	228055	1
510164	55119	0
344858	18336	1
344858	1180	1
344858	301309	1
344858	341	0
344858	1341	0
344858	53419	0
94713	2223	1
94713	10859	0
536938	41635	1
536938	18336	0
88747	12900	1
88747	228055	0
152240	14429	1
152240	173	1
152240	3554	0
152240	1341	0
381389	40	1
381389	57757	1
381389	2172	0
381389	2223	0
473557	896	1
473557	40	0
226200	2712	1
226200	1571	0
585026	67290	1
585026	173	1
585026	172	0
585026	65	0
515703	1120	1
515703	12374	1
515703	6185	0
515703	172	0
173984	41635	1
173984	468	0
74069	55887	1
74069	1570	0
391076	2738	1
391076	53770	1
391076	193340	0
391076	1056	0
552318	342	1
552318	14429	0
304572	33434	1
304572	107048	0
387013	8955	1
387013	1341	0
395567	3841	1
395567	63962	0
296982	15466	1
296982	879	0
455542	3608	1
455542	53706	1
455542	67290	0
455542	65164	0
107659	1571	1
107659	457	0
339557	8467	1
339557	8468	1
339557	5103	1
339557	12867	0
339557	4301	0
339557	1216	0
151743	12900	1
151743	53419	0
219337	320	1
219337	1481	1
219337	403	1
219337	4019	0
219337	879	0
219337	6185	0
283300	30208	1
283300	1481	0
191478	35583	1
191478	5117	0
235155	6525	1
235155	1481	1
235155	403	1
235155	597	1
235155	174	0
235155	55119	0
235155	54714	0
235155	80	0
209044	29030	1
209044	403	0
551366	55887	1
551366	6637	0
541171	174	1
541171	142	1
541171	58348	0
541171	251	0
447573	12867	1
447573	879	0
194717	1571	1
194717	55119	0
517323	1120	1
517323	2153	1
517323	3345	1
517323	3553	0
517323	4773	0
517323	2712	0
419352	7692	1
419352	173	1
419352	174	1
419352	3841	0
419352	370	0
419352	6444	0
415537	1216	1
415537	1217	1
415537	228055	0
415537	457	0
155864	58348	1
155864	4020	0
429995	6185	1
429995	6444	1
429995	14429	0
429995	16211	0
199529	879	1
199529	973	0
247770	1217	1
247770	8467	1
247770	5103	1
247770	3608	0
247770	1519	0
247770	46641	0
466583	1216	1
466583	1217	1
466583	6184	1
466583	40	1
466583	3345	1
466583	2738	1
466583	3841	0
466583	2331	0
466583	4510	0
466583	54714	0
466583	65164	0
466583	10571	0
483705	15466	1
483705	17261	0
118468	6184	1
118468	2153	1
118468	59166	0
118468	3468	0
145171	457	1
145171	4510	0
97367	172	1
97367	3345	0
513056	3841	1
513056	341	1
513056	55119	0
513056	3553	0
446229	40	1
446229	3468	1
446229	38914	1
446229	1120	1
446229	25491	0
446229	5117	0
446229	14429	0
446229	6637	0
285057	4301	1
285057	5174	0
512771	2172	1
512771	228055	0
335146	8401	1
335146	1120	0
480377	4773	1
480377	1481	1
480377	53706	1
480377	597	1
480377	25	1
480377	1180	0
480377	8302	0
480377	12374	0
480377	12867	0
480377	73995	0
466765	25	1
466765	63599	1
466765	63962	0
466765	26203	0
270289	10859	1
270289	173	1
270289	65	0
270289	8302	0
503010	15466	1
503010	8467	0
141824	16211	1
141824	12900	0
540982	38914	1
540982	91059	0
88868	4019	1
88868	3553	0
66826	20273	1
66826	879	0
516467	5174	1
516467	16211	0
64208	838	1
64208	26203	0
529412	228055	1
529412	6184	0
79181	172	1
79181	20273	0
229520	16211	1
229520	59166	0
104279	320	1
104279	6525	1
104279	173	0
104279	341	0
394481	57757	1
394481	435	0
10911	341	1
10911	53770	0
406789	3608	1
406789	12900	0
480660	1682	1
480660	73995	1
480660	6484	0
480660	4020	0
506507	342	1
506507	879	0
350983	1704	1
350983	193340	0
294509	879	1
294509	896	0
125935	10859	1
125935	142	0
88340	597	1
88340	1571	0
409312	251	1
409312	174	1
409312	35583	0
409312	3554	0
75408	40	1
75408	67290	0
79206	172	1
79206	2331	0
458321	65	1
458321	1481	1
458321	403	1
458321	173	1
458321	468	0
458321	435	0
458321	2341	0
458321	53419	0
525571	54714	1
525571	8401	0
587760	26203	1
587760	65164	0
201068	103	1
201068	1340	0
282772	1230	1
282772	4955	0
74623	57757	1
74623	53468	0
569994	46641	1
569994	4019	1
569994	8401	0
569994	5103	0
444336	251	1
444336	55119	1
444336	3554	0
444336	12374	0
323651	55887	1
323651	4773	0
310364	4773	1
310364	793	0
524563	41635	1
524563	91059	0
205459	6637	1
205459	8468	0
255070	2331	1
255070	12900	1
255070	793	0
255070	63599	0
591835	3553	1
591835	3554	1
591835	14250	0
591835	53770	0
112547	40	1
112547	793	1
112547	3468	0
112547	63599	0
251557	65	1
251557	1180	0
135436	8467	1
135436	8468	1
135436	5103	1
135436	1519	0
135436	13349	0
135436	4301	0
172173	14429	1
172173	17261	0
259569	12900	1
259569	55887	0
267286	567	1
267286	43786	0
410304	65	1
410304	25	1
410304	1340	1
410304	1341	1
410304	80	0
410304	2331	0
410304	567	0
410304	1217	0
575048	63599	1
575048	341	0
198841	46206	1
198841	3553	0
33316	531	1
33316	10571	0
140494	58348	1
140494	6525	1
140494	896	0
140494	4301	0
510341	39697	1
510341	13349	1
510341	14429	0
510341	4301	0
544234	2153	1
544234	3345	1
544234	1120	1
544234	54714	0
544234	18336	0
544234	3553	0
91728	4019	1
91728	10859	0
403937	531	1
403937	2341	1
403937	73995	0
403937	2738	0
426940	40	1
426940	517	1
426940	5117	0
426940	435	0
16315	531	1
16315	2223	1
16315	7692	0
16315	58348	0
231147	5116	1
231147	5117	1
231147	28781	0
231147	94956	0
34244	597	1
34244	173	1
34244	567	1
34244	38914	0
34244	1056	0
34244	5174	0
578706	55887	1
578706	2738	0
386758	7112	1
386758	2172	1
386758	173	1
386758	174	1
386758	73995	0
386758	16211	0
386758	468	0
386758	54714	0
24615	531	1
24615	46641	0
397599	8302	1
397599	2172	0
204208	6637	1
204208	29030	0
295519	25	1
295519	1682	1
295519	193340	1
295519	1216	0
295519	1180	0
295519	5117	0
371246	107048	1
371246	5116	1
371246	973	1
371246	174	1
371246	1704	0
371246	1340	0
371246	39697	0
371246	65	0
184474	42135	1
184474	55119	0
85916	1340	1
85916	1341	1
85916	6444	0
85916	3314	0
387158	8955	1
387158	3345	0
523080	58348	1
523080	793	0
478141	4773	1
478141	35583	0
70928	80	1
70928	3468	1
70928	7692	0
70928	57757	0
216703	172	1
216703	173	1
216703	53706	0
216703	435	0
332755	35583	1
332755	53468	0
397647	63962	1
397647	27212	1
397647	54714	0
397647	142	0
418410	40	1
418410	517	1
418410	6637	0
418410	28781	0
303917	4510	1
303917	65	0
35921	40	1
35921	1340	0
141110	142	1
141110	65	0
292880	94956	1
292880	26203	0
229999	1340	1
229999	1341	1
229999	2331	0
229999	6874	0
371026	94956	1
371026	301309	0
7386	103	1
7386	1481	1
7386	6637	1
7386	174	1
7386	142	1
7386	173	1
7386	597	1
7386	25	1
7386	35583	0
7386	793	0
7386	6525	0
7386	3345	0
7386	18336	0
7386	172	0
7386	6874	0
7386	896	0
413218	8467	1
413218	8468	1
413218	5103	1
413218	973	0
413218	1570	0
413218	10571	0
583346	12900	1
583346	55119	1
583346	1216	0
583346	896	0
260599	320	1
260599	27971	1
260599	174	1
260599	342	1
260599	53419	0
260599	142	0
260599	468	0
260599	59166	0
426370	3608	1
426370	5174	0
122505	1120	1
122505	6184	0
251606	3553	1
251606	3554	1
251606	53770	0
251606	142	0
98110	25	1
98110	1340	1
98110	1341	1
98110	879	0
98110	28781	0
98110	142	0
239767	531	1
239767	16211	1
239767	1704	0
239767	46206	0
284972	6874	1
284972	12900	0
583483	55119	1
583483	655	1
583483	16211	0
583483	8467	0
294875	228055	1
294875	5117	0
330811	2223	1
330811	320	0
215155	15466	1
215155	3345	0
332528	597	1
332528	5174	1
332528	173	1
332528	53468	0
332528	26203	0
332528	30208	0
253501	33434	1
253501	6444	0
224203	320	1
224203	27971	1
224203	33434	0
224203	2331	0
189229	10859	1
189229	403	1
189229	1216	0
189229	5117	0
556980	251	1
556980	12900	1
556980	4510	1
556980	6184	0
556980	879	0
556980	30208	0
40261	38914	1
40261	531	1
40261	597	1
40261	655	1
40261	2223	0
40261	3553	0
40261	40	0
40261	14250	0
183736	320	1
183736	1481	1
183736	6525	1
183736	18497	0
183736	32552	0
183736	10859	0
63203	4019	1
63203	172	1
63203	173	1
63203	5116	0
63203	25	0
63203	1341	0
26192	6525	1
26192	597	0
87265	320	1
87265	27971	1
87265	4020	0
87265	8302	0
8412	531	1
8412	8302	1
8412	4773	0
8412	4301	0
518275	7112	1
518275	1481	1
518275	28781	1
518275	174	1
518275	531	1
518275	63962	0
518275	5103	0
518275	1341	0
518275	46206	0
518275	301309	0
208568	6185	1
208568	2341	0
340193	15466	1
340193	173	1
340193	370	0
340193	55887	0
535766	2172	1
535766	8302	0
340477	6525	1
340477	28781	1
340477	25491	0
340477	1571	0
260028	655	1
260028	403	0
518845	7692	1
518845	12867	0
472197	53706	1
472197	370	0
474207	370	1
474207	8302	1
474207	2341	0
474207	3553	0
172326	1481	1
172326	4301	1
172326	8467	0
172326	1120	0
3528	2172	1
3528	8467	0
431733	10571	1
431733	3468	1
431733	32552	0
431733	4020	0
79612	6185	1
79612	6444	1
79612	29030	0
79612	58348	0
210091	18336	1
210091	1481	1
210091	531	1
210091	2712	0
210091	2331	0
210091	103	0
427782	1519	1
427782	53468	0
107887	10859	1
107887	73995	0
65206	65164	1
65206	435	0
68643	65164	1
68643	55887	0
80957	53706	1
80957	973	1
80957	5103	0
80957	10859	0
314395	4510	1
314395	2153	0
101484	1481	1
101484	370	1
101484	597	1
101484	4510	1
101484	251	0
101484	18336	0
101484	17261	0
101484	33434	0
31277	370	1
31277	2172	0
579020	53770	1
579020	43786	0
452804	30208	1
452804	3468	1
452804	40	0
452804	94956	0
221485	4955	1
221485	6444	0
16536	531	1
16536	80	0
490020	16211	1
490020	65	0
30400	1682	1
30400	63599	0
359845	1120	1
359845	59166	1
359845	6525	0
359845	1571	0
202411	46206	1
202411	8467	0
193092	1056	1
193092	6874	0
14784	13349	1
14784	173	1
14784	1230	0
14784	1341	0
469725	2738	1
469725	251	1
469725	174	1
469725	55119	1
469725	1217	0
469725	655	0
469725	13349	0
469725	517	0
370396	33434	1
370396	531	0
453006	1481	1
453006	403	1
453006	597	1
453006	142	1
453006	27971	0
453006	1216	0
453006	3345	0
453006	1704	0
421399	1570	1
421399	10571	1
421399	53419	0
421399	2172	0
523105	58348	1
523105	53770	0
427439	6484	1
427439	10571	0
117324	320	1
117324	27971	1
117324	53419	1
117324	251	1
117324	531	0
117324	54714	0
117324	26203	0
117324	32552	0
219145	3314	1
219145	58348	0
211931	29030	1
211931	3553	0
377974	320	1
377974	6525	1
377974	1519	1
377974	103	0
377974	2331	0
377974	172	0
167911	2738	1
167911	173	1
167911	3345	0
167911	6184	0
422159	1481	1
422159	4020	1
422159	33434	0
422159	370	0
25069	1481	1
25069	35583	0
22032	531	1
22032	4301	0
44809	174	1
44809	517	0
224310	53419	1
224310	228055	0
276804	1570	1
276804	14429	1
276804	53419	0
276804	1120	0
257253	370	1
257253	5117	0
481037	5174	1
481037	16211	0
360570	40	1
360570	6874	1
360570	73995	1
360570	54714	0
360570	46641	0
360570	17261	0
412489	80	1
412489	1481	1
412489	793	1
412489	1571	0
412489	42135	0
412489	2341	0
498028	39697	1
498028	107048	0
441711	91059	1
441711	517	0
446049	12900	1
446049	6184	1
446049	40	1
446049	2738	1
446049	33434	1
446049	7692	0
446049	2223	0
446049	6185	0
446049	174	0
446049	228055	0
488065	53770	1
488065	25491	1
488065	173	1
488065	54714	0
488065	1180	0
488065	43786	0
493493	38914	1
493493	341	1
493493	173	1
493493	174	1
493493	27212	0
493493	29030	0
493493	41635	0
493493	1056	0
387453	6185	1
387453	6444	1
387453	597	0
387453	2712	0
29420	1704	1
29420	32552	0
482799	7112	1
482799	53770	1
482799	5117	0
482799	103	0
50756	7112	1
50756	57757	0
286992	2172	1
286992	35583	0
299342	53468	1
299342	597	1
299342	879	1
299342	6874	0
299342	18497	0
299342	54714	0
16963	80	1
16963	40	1
16963	41635	0
16963	4510	0
76447	597	1
76447	80	0
126665	2331	1
126665	41635	0
50884	7112	1
50884	1481	1
50884	174	1
50884	2331	0
50884	58348	0
50884	19920	0
279584	879	1
279584	10859	0
289746	59166	1
289746	1180	0
249861	53468	1
249861	173	0
557187	94956	1
557187	174	1
557187	6637	0
557187	435	0
231436	3314	1
231436	468	0
62751	403	1
62751	793	0
5390	1056	1
5390	597	1
5390	3468	0
5390	517	0
213006	1340	1
213006	1341	1
213006	6444	0
213006	5174	0
338295	6185	1
338295	2738	1
338295	6444	1
338295	173	1
338295	39697	0
338295	67290	0
338295	63962	0
338295	403	0
410767	40	1
410767	8467	1
410767	8468	1
410767	13349	0
410767	73995	0
410767	20273	0
557237	94956	1
557237	174	1
557237	251	0
557237	468	0
292064	6184	1
292064	46206	0
587407	7112	1
587407	17261	1
587407	174	1
587407	879	1
587407	25	1
587407	2331	0
587407	53419	0
587407	517	0
587407	73995	0
587407	1519	0
390001	15466	1
390001	173	1
390001	94956	0
390001	896	0
579516	457	1
579516	14250	1
579516	1230	1
579516	27971	0
579516	15466	0
579516	597	0
570826	30208	1
570826	2738	1
570826	4773	0
570826	342	0
410652	3468	1
410652	103	1
410652	18497	0
410652	8302	0
252553	655	1
252553	33434	0
365425	12900	1
365425	73995	0
495741	39697	1
495741	18336	0
234115	53468	1
234115	1340	0
343690	531	1
343690	193340	1
343690	1481	0
343690	103	0
371300	2341	1
371300	8467	0
278383	320	1
278383	27971	1
278383	6185	0
278383	73995	0
467768	1519	1
467768	838	0
59377	3314	1
59377	3468	1
59377	2172	0
59377	46206	0
336119	6874	1
336119	12867	0
199774	80	1
199774	251	0
481007	5174	1
481007	35583	0
583397	12900	1
583397	55119	1
583397	25491	0
583397	2172	0
229560	16211	1
229560	30208	0
329669	54714	1
329669	370	0
250415	25	1
250415	1340	1
250415	1341	1
250415	6637	0
250415	91059	0
250415	4020	0
446761	46206	1
446761	597	0
497247	39697	1
497247	20273	0
384298	43786	1
384298	5116	0
166770	793	1
166770	53419	1
166770	80	0
166770	5116	0
205705	341	1
205705	6637	1
205705	228055	0
205705	342	0
229540	16211	1
229540	2153	0
242315	40	1
242315	26203	1
242315	6525	1
242315	2738	0
242315	39697	0
242315	1056	0
47438	341	1
47438	63962	0
463823	35583	1
463823	55119	0
68064	4019	1
68064	172	1
68064	251	0
68064	20273	0
19711	3345	1
19711	531	0
379189	3841	1
379189	12900	0
291071	53468	1
291071	173	1
291071	8955	0
291071	370	0
389663	8302	1
389663	7112	0
307185	25	1
307185	7692	1
307185	173	1
307185	35583	0
307185	531	0
307185	228055	0
250823	7112	1
250823	67290	0
81956	40	1
81956	435	0
458856	1120	1
458856	40	1
458856	2153	1
458856	3468	1
458856	3345	1
458856	1340	0
458856	6525	0
458856	63962	0
458856	1704	0
458856	65164	0
275340	879	1
275340	1571	0
472172	53706	1
472172	10859	0
62840	1120	1
62840	16211	0
26509	1481	1
26509	597	1
26509	63599	0
26509	33434	0
72861	19920	1
72861	35583	0
173892	40	1
173892	1481	1
173892	173	1
173892	174	1
173892	879	1
173892	5174	0
173892	793	0
173892	29030	0
173892	41635	0
173892	30208	0
4413	597	1
4413	228055	0
283377	20273	1
283377	3554	0
460891	19920	1
460891	896	0
514271	46641	1
514271	26203	0
25594	25	1
25594	655	1
25594	5117	0
25594	6525	0
587256	7112	1
587256	17261	1
587256	174	1
587256	879	1
587256	25	1
587256	2341	0
587256	6637	0
587256	6185	0
587256	20273	0
587256	12374	0
61796	40	1
61796	2153	1
61796	57757	0
61796	16211	0
51083	30208	1
51083	531	1
51083	103	0
51083	43786	0
438768	7112	1
438768	63599	1
438768	43786	0
438768	172	0
260493	25	1
260493	1230	1
260493	7112	0
260493	43786	0
263324	6484	1
263324	6184	0
469127	39697	1
469127	59166	1
469127	8302	0
469127	54714	0
423194	1481	1
423194	38914	1
423194	341	1
423194	174	1
423194	2331	0
423194	5116	0
423194	14250	0
423194	1217	0
312037	1481	1
312037	27971	1
312037	173	1
312037	174	1
312037	567	0
312037	3345	0
312037	39697	0
312037	1217	0
97985	10859	1
97985	403	0
223767	341	1
223767	597	1
223767	4955	0
223767	531	0
20388	25	1
20388	655	1
20388	435	0
20388	4020	0
412339	2153	1
412339	8467	1
412339	3345	1
412339	3554	0
412339	6444	0
412339	14250	0
195269	80	1
195269	228055	0
117060	65164	1
117060	5103	0
584970	67290	1
584970	173	1
584970	12374	0
584970	58348	0
553345	6484	1
553345	18336	0
99894	320	1
99894	27971	1
99894	8401	0
99894	341	0
47783	2172	1
47783	25	1
47783	1481	1
47783	142	1
47783	1704	0
47783	28781	0
47783	2331	0
47783	94956	0
563596	14250	1
563596	91059	1
563596	53770	0
563596	43786	0
256711	2341	1
256711	6637	0
372861	1056	1
372861	7112	1
372861	142	1
372861	174	1
372861	1519	1
372861	320	0
372861	19920	0
372861	457	0
372861	3554	0
372861	53706	0
571807	8955	1
571807	29030	0
243390	1481	1
243390	879	1
243390	1120	0
243390	3553	0
292855	94956	1
292855	1481	0
67192	12900	1
67192	7112	0
466430	973	1
466430	14250	0
448447	2712	1
448447	63962	1
448447	1682	1
448447	55887	0
448447	655	0
448447	28781	0
128538	1570	1
128538	172	0
53771	25	1
53771	53770	1
53771	80	0
53771	38914	0
488719	58348	1
488719	46641	0
564456	896	1
564456	46641	1
564456	320	0
564456	46206	0
5196	174	1
5196	2738	0
556352	94956	1
556352	32552	0
417666	3608	1
417666	1481	1
417666	5116	0
417666	10859	0
362883	107048	1
362883	1481	1
362883	973	0
362883	251	0
69090	838	1
69090	172	0
118403	58348	1
118403	59166	0
388701	1120	1
388701	4773	1
388701	8302	0
388701	342	0
581309	55119	1
581309	1217	0
53242	1481	1
53242	173	1
53242	655	1
53242	370	0
53242	3345	0
53242	65	0
30082	3841	1
30082	3345	0
379400	793	1
379400	18497	0
241879	13349	1
241879	10571	0
510194	228055	1
510194	8468	0
112267	1120	1
112267	20273	0
441214	2712	1
441214	173	1
441214	174	1
441214	39697	0
441214	4773	0
441214	5117	0
67612	1570	1
67612	1704	0
192818	838	1
192818	20273	0
366579	1216	1
366579	1217	1
366579	567	0
366579	3553	0
503842	28781	1
503842	174	1
503842	1570	0
503842	10571	0
367329	6185	1
367329	6444	1
367329	1704	0
367329	8401	0
571726	793	1
571726	4510	1
571726	320	0
571726	370	0
354856	18336	1
354856	3553	1
354856	173	1
354856	25491	0
354856	1481	0
354856	370	0
356573	7112	1
356573	597	1
356573	28781	1
356573	173	1
356573	13349	0
356573	35583	0
356573	46206	0
356573	4955	0
258928	32552	1
258928	173	1
258928	320	0
258928	73995	0
321216	2712	1
321216	320	0
120209	3468	1
120209	5174	0
482032	8401	1
482032	1571	0
23563	1056	1
23563	18336	0
561771	91059	1
561771	3553	0
229919	838	1
229919	6484	0
289637	107048	1
289637	1481	1
289637	6185	1
289637	8302	1
289637	655	1
289637	5103	1
289637	8467	1
289637	173	0
289637	341	0
289637	27971	0
289637	17261	0
289637	3841	0
289637	7112	0
289637	973	0
58304	1704	1
58304	53419	0
240332	25491	1
240332	46641	0
63943	1120	1
63943	14250	0
52927	6525	1
52927	531	1
52927	517	1
52927	1180	0
52927	19920	0
52927	18497	0
267507	1481	1
267507	2172	1
267507	6525	1
267507	174	1
267507	370	0
267507	41635	0
267507	2331	0
267507	228055	0
523867	41635	1
523867	53419	0
11763	173	1
11763	6484	0
486249	27212	1
486249	25	0
475275	1120	1
475275	39697	1
475275	173	1
475275	973	0
475275	33434	0
475275	10859	0
23205	6184	1
23205	32552	0
420157	26203	1
420157	12867	0
3731	174	1
3731	3468	0
184137	80	1
184137	94956	0
191045	32552	1
191045	6525	1
191045	173	1
191045	12867	0
191045	1481	0
191045	8467	0
533997	1570	1
533997	53419	1
533997	14429	1
533997	6444	0
533997	4301	0
533997	55119	0
297904	20273	1
297904	73995	0
81595	53419	1
81595	107048	0
448751	12374	1
448751	1217	0
198439	4955	1
198439	174	0
86897	2331	1
86897	1570	0
414083	3608	1
414083	1682	0
80727	10571	1
80727	3468	0
77490	10859	1
77490	142	0
242886	793	1
242886	1570	1
242886	65164	0
242886	6484	0
467825	39697	1
467825	59166	1
467825	2738	0
467825	172	0
485575	342	1
485575	973	0
419265	7112	1
419265	18497	1
419265	173	1
419265	6637	0
419265	12867	0
419265	38914	0
66054	12900	1
66054	30208	0
556667	94956	1
556667	517	0
330013	2153	1
330013	1682	1
330013	2341	1
330013	457	0
330013	5174	0
330013	55887	0
100355	341	1
100355	1571	0
248012	2153	1
248012	12900	1
248012	59166	1
248012	142	0
248012	3553	0
248012	3841	0
42161	42135	1
42161	19920	0
24049	14429	1
24049	173	1
24049	39697	0
24049	94956	0
136481	341	1
136481	94956	0
173407	879	1
173407	4510	0
432053	14250	1
432053	19920	0
286340	3314	1
286340	73995	0
378163	53770	1
378163	172	0
490489	1682	1
490489	193340	1
490489	38914	0
490489	94956	0
326180	2341	1
326180	65164	0
336441	7112	1
336441	6525	1
336441	28781	1
336441	4955	0
336441	793	0
336441	142	0
341209	7112	1
341209	28781	1
341209	174	1
341209	20273	1
341209	6525	1
341209	55119	0
341209	42135	0
341209	6185	0
341209	8302	0
341209	517	0
63876	6185	1
63876	342	0
62991	879	1
62991	173	0
536373	20273	1
536373	341	0
299219	5117	1
299219	46206	0
365078	1056	1
365078	1481	1
365078	174	1
365078	896	0
365078	1230	0
365078	403	0
429345	2712	1
429345	1682	1
429345	4020	1
429345	2738	0
429345	435	0
429345	6484	0
478838	142	1
478838	20273	0
105341	12900	1
105341	174	0
419294	973	1
419294	2172	0
61546	1230	1
61546	142	0
420127	18497	1
420127	3468	1
420127	173	0
420127	10571	0
534201	1481	1
534201	2172	1
534201	655	1
534201	55887	0
534201	13349	0
534201	6874	0
225178	2331	1
225178	14429	0
179824	6185	1
179824	1180	1
179824	53468	0
179824	6637	0
347693	6184	1
347693	8467	1
347693	8468	1
347693	5103	1
347693	13349	0
347693	32552	0
347693	2331	0
347693	6874	0
334802	2712	1
334802	173	1
334802	6185	0
334802	33434	0
121707	1682	1
121707	597	0
55784	6185	1
55784	531	1
55784	6444	1
55784	2223	1
55784	73995	0
55784	28781	0
55784	896	0
55784	7692	0
202285	655	1
202285	55887	0
389892	973	1
389892	32552	0
258354	42135	1
258354	1481	0
475549	1120	1
475549	3553	1
475549	39697	1
475549	173	0
475549	435	0
475549	65164	0
362230	18497	1
362230	46206	0
405384	10859	1
405384	58348	0
274091	12900	1
274091	896	0
386053	5116	1
386053	5117	1
386053	35583	1
386053	973	0
386053	8955	0
386053	16211	0
436844	40	1
436844	33434	1
436844	2712	0
436844	65164	0
230771	838	1
230771	655	1
230771	1217	0
230771	18336	0
462831	7692	1
462831	301309	0
406763	2341	1
406763	1682	0
183438	1570	1
183438	58348	0
15005	40	1
15005	6637	1
15005	2223	1
15005	2738	0
15005	8467	0
15005	4020	0
436974	25	1
436974	53706	1
436974	531	1
436974	172	0
436974	103	0
436974	1180	0
106426	10859	1
106426	793	0
583422	12900	1
583422	55119	1
583422	6444	0
583422	142	0
295244	25	1
295244	1682	1
295244	193340	1
295244	2153	0
295244	25491	0
295244	435	0
325260	28781	1
325260	7692	0
75553	457	1
75553	14429	0
556712	94956	1
556712	14250	0
295168	5174	1
295168	28781	0
250495	1481	1
250495	403	1
250495	28781	0
250495	1570	0
207017	403	1
207017	342	1
207017	58348	0
207017	6484	0
240153	1120	1
240153	879	1
240153	370	0
240153	55119	0
292273	5116	1
292273	5117	1
292273	142	0
292273	7692	0
356754	1481	1
356754	1230	1
356754	174	1
356754	63599	1
356754	3553	0
356754	26203	0
356754	879	0
356754	6185	0
381539	35583	1
381539	1340	0
219762	1230	1
219762	468	0
395360	320	1
395360	27971	1
395360	973	1
395360	4510	0
395360	59166	0
395360	1682	0
486978	27212	1
486978	4020	0
481490	80	1
481490	8401	1
481490	1481	1
481490	3608	0
481490	6484	0
481490	2331	0
368484	8302	1
368484	5117	0
19764	341	1
19764	4773	0
575831	468	1
575831	973	0
185969	1120	1
185969	3468	1
185969	65	0
185969	53770	0
38640	8302	1
38640	655	1
38640	457	0
38640	1217	0
393120	53419	1
393120	172	0
537904	251	1
537904	55119	1
537904	655	1
537904	43786	0
537904	403	0
537904	342	0
558641	4955	1
558641	655	0
417774	1682	1
417774	73995	1
417774	5116	0
417774	3345	0
479974	8955	1
479974	567	0
213314	40	1
213314	1180	1
213314	42135	1
213314	342	0
213314	14250	0
213314	15466	0
86693	25	1
86693	1570	1
86693	174	1
86693	3608	0
86693	973	0
86693	63962	0
82512	1180	1
82512	33434	0
37372	3468	1
37372	173	1
37372	1682	1
37372	531	1
37372	3314	1
37372	2331	0
37372	174	0
37372	2341	0
37372	33434	0
37372	7112	0
556487	94956	1
556487	1217	0
14868	174	1
14868	91059	0
219059	3314	1
219059	838	0
175342	4955	1
175342	6444	0
253699	59166	1
253699	6444	0
17047	173	1
17047	53419	0
184394	42135	1
184394	8955	0
22601	879	1
22601	1180	0
554441	1230	1
554441	55119	1
554441	53706	0
554441	6637	0
335716	301309	1
335716	655	1
335716	5103	0
335716	6637	0
316916	33434	1
316916	403	0
233813	228055	1
233813	46206	0
382220	5116	1
382220	5117	1
382220	25	0
382220	301309	0
22320	2153	1
22320	8401	0
374578	6184	1
374578	517	1
374578	39697	0
374578	4020	0
245414	40	1
245414	1180	1
245414	6525	1
245414	342	1
245414	3345	0
245414	8302	0
245414	53468	0
245414	55887	0
579459	14250	1
579459	5103	0
15403	173	1
15403	42135	0
110543	1704	1
110543	53419	1
110543	14250	0
110543	3468	0
552158	342	1
552158	517	0
583294	655	1
583294	55119	1
583294	59166	0
583294	403	0
444127	107048	1
444127	3468	1
444127	103	0
444127	4773	0
231408	32552	1
231408	655	0
476414	30208	1
476414	107048	0
485602	342	1
485602	8955	0
122177	91059	1
122177	341	1
122177	6184	0
122177	46641	0
16670	531	1
16670	879	0
268893	46206	1
268893	3554	0
172779	973	1
172779	80	0
417446	14250	1
417446	1230	1
417446	13349	0
417446	2712	0
441686	91059	1
441686	3608	0
115589	1180	1
115589	53706	0
540342	8401	1
540342	4019	1
540342	13349	1
540342	29030	1
540342	879	0
540342	655	0
540342	65	0
540342	6184	0
536635	1481	1
536635	2738	1
536635	103	1
536635	597	0
536635	4773	0
536635	973	0
556442	94956	1
556442	597	0
337124	18497	1
337124	342	0
574410	4510	1
574410	8468	0
341292	2341	1
341292	1230	0
342567	5174	1
342567	2223	0
375926	42135	1
375926	27971	0
556397	94956	1
556397	973	0
582298	19920	1
582298	1120	0
512808	1120	1
512808	12374	1
512808	193340	0
512808	4510	0
341667	94956	1
341667	41635	0
42758	8401	1
42758	531	1
42758	655	1
42758	43786	0
42758	4773	0
42758	5103	0
534050	468	1
534050	6637	0
20861	65	1
20861	342	0
244916	655	1
244916	73995	0
426810	3608	1
426810	65	0
391402	73995	1
391402	35583	0
111688	32552	1
111688	6525	1
111688	12900	0
111688	2172	0
292352	3314	1
292352	63599	0
38445	173	1
38445	174	1
38445	20273	0
38445	43786	0
229835	6185	1
229835	3553	1
229835	12900	0
229835	174	0
151475	58348	1
151475	8955	0
364692	2341	1
364692	6444	0
432573	14250	1
432573	1682	0
231038	29030	1
231038	6637	0
587732	26203	1
587732	6525	0
19354	1120	1
19354	2153	1
19354	173	1
19354	35583	0
19354	7692	0
19354	46206	0
485434	1216	1
485434	6637	1
485434	838	0
485434	1481	0
397490	8302	1
397490	14250	0
457982	5174	1
457982	41635	0
365384	6874	1
365384	1216	0
405870	18497	1
405870	793	0
207684	7112	1
207684	4773	0
254140	4773	1
254140	4019	0
555512	65164	1
555512	597	0
491520	457	1
491520	53468	1
491520	655	1
491520	2223	0
491520	6444	0
491520	18497	0
436909	40	1
436909	33434	1
436909	17261	0
436909	57757	0
419947	35583	1
419947	46206	0
109605	80	1
109605	174	0
131607	251	1
131607	173	1
131607	3841	0
131607	8467	0
299863	10571	1
299863	1056	0
73253	1570	1
73253	67290	0
432359	3608	1
432359	8468	0
18663	1230	1
18663	3608	0
563656	53468	1
563656	59166	0
399754	4955	1
399754	3468	1
399754	57757	0
399754	4773	0
120843	80	1
120843	4019	1
120843	6525	1
120843	435	0
120843	46641	0
120843	3841	0
52836	6525	1
52836	531	1
52836	517	1
52836	5174	0
52836	896	0
52836	27212	0
399921	1216	1
399921	1217	1
399921	793	0
399921	12374	0
211000	53419	1
211000	228055	0
86862	6185	1
86862	80	0
480904	1120	1
480904	4773	1
480904	3554	0
480904	6874	0
327862	793	1
327862	517	0
449365	2712	1
449365	63962	1
449365	1682	1
449365	4510	0
449365	228055	0
449365	53419	0
356541	1216	1
356541	3841	0
485919	54714	1
485919	1481	0
413569	3608	1
413569	38914	0
427469	6484	1
427469	7692	0
447870	3468	1
447870	55887	1
447870	12374	0
447870	4510	0
105227	94956	1
105227	4301	0
443601	63962	1
443601	1682	1
443601	6874	0
443601	53419	0
302240	54714	1
302240	2341	0
570375	174	1
570375	5174	1
570375	2341	0
570375	2153	0
206992	403	1
206992	342	1
206992	25	0
206992	65	0
94894	1340	1
94894	1341	1
94894	6185	0
94894	26203	0
233521	12900	1
233521	35583	0
156260	1216	1
156260	25	1
156260	1217	1
156260	46641	0
156260	5116	0
156260	403	0
537740	27212	1
537740	1056	0
412985	2153	1
412985	3345	1
412985	8467	1
412985	896	0
412985	43786	0
412985	55119	0
171941	40	1
171941	33434	1
171941	57757	1
171941	173	1
171941	25491	0
171941	597	0
171941	39697	0
171941	301309	0
557722	17261	1
557722	879	1
557722	1216	0
557722	567	0
463399	1056	1
463399	12900	1
463399	655	1
463399	55119	1
463399	2738	1
463399	517	0
463399	42135	0
463399	5116	0
463399	973	0
463399	793	0
320772	8955	1
320772	14429	0
206640	1571	1
206640	838	1
206640	6525	0
206640	18497	0
22722	2153	1
22722	973	0
289847	59166	1
289847	1571	0
552435	6185	1
552435	531	1
552435	6444	1
552435	59166	1
552435	63599	0
552435	8955	0
552435	142	0
552435	5117	0
366750	1216	1
366750	1217	1
366750	1180	0
366750	46641	0
453928	3608	1
453928	53706	1
453928	172	0
453928	67290	0
397624	8302	1
397624	3314	0
556262	94956	1
556262	25491	0
256636	2341	1
256636	27971	0
258304	42135	1
258304	14429	0
448872	2712	1
448872	63962	1
448872	1682	1
448872	1341	0
448872	30208	0
448872	4019	0
294925	228055	1
294925	1682	0
524212	18336	1
524212	8401	1
524212	655	0
524212	13349	0
34746	517	1
34746	173	1
34746	103	0
34746	57757	0
434098	107048	1
434098	3468	1
434098	14250	0
434098	896	0
476923	531	1
476923	193340	1
476923	370	0
476923	39697	0
260437	25	1
260437	1230	1
260437	14429	0
260437	65	0
288851	3553	1
288851	3554	1
288851	1682	1
288851	80	0
288851	42135	0
288851	2153	0
107118	107048	1
107118	341	0
407931	403	1
407931	103	0
14128	531	1
14128	173	1
14128	174	1
14128	107048	0
14128	53706	0
14128	3841	0
154462	1340	1
154462	1341	1
154462	342	0
154462	2341	0
395821	40	1
395821	1682	1
395821	73995	1
395821	4510	0
395821	7692	0
395821	35583	0
76642	57757	1
76642	55119	0
251348	18336	1
251348	2712	0
22143	1340	1
22143	1341	1
22143	32552	0
22143	655	0
25412	1481	1
25412	1180	1
25412	55119	0
25412	94956	0
468252	879	1
468252	1519	1
468252	228055	0
468252	35583	0
150118	1570	1
150118	38914	0
488660	531	1
488660	973	1
488660	173	1
488660	25	0
488660	8467	0
488660	30208	0
435240	793	1
435240	2738	1
435240	251	1
435240	973	1
435240	4955	0
435240	1341	0
435240	55887	0
435240	1120	0
4357	2738	1
4357	597	1
4357	457	0
4357	3314	0
234199	25491	1
234199	342	0
75041	6874	1
75041	228055	0
279658	30208	1
279658	173	1
279658	1056	0
279658	3468	0
402851	10571	1
402851	3553	0
46456	597	1
46456	173	1
46456	2331	0
46456	320	0
222878	973	1
222878	58348	0
436548	30208	1
436548	173	1
436548	174	1
436548	896	0
436548	3554	0
436548	38914	0
149612	251	1
149612	46641	0
392920	1682	1
392920	4020	1
392920	567	0
392920	8955	0
563626	14250	1
563626	91059	1
563626	35583	0
563626	39697	0
469	468	1
469	1056	0
403912	531	1
403912	2341	1
403912	7112	0
403912	142	0
383711	6525	1
383711	53468	1
383711	173	1
383711	174	1
383711	4773	0
383711	655	0
383711	5174	0
383711	251	0
52471	320	1
52471	43786	1
52471	25491	1
52471	1180	1
52471	403	0
52471	91059	0
52471	2712	0
52471	6185	0
247041	320	1
247041	27971	1
247041	173	1
247041	879	0
247041	28781	0
247041	435	0
319500	531	1
319500	251	1
319500	41635	0
319500	342	0
557496	17261	1
557496	879	1
557496	7112	0
557496	6637	0
537175	80	1
537175	5174	1
537175	1341	0
537175	29030	0
16212	16211	1
16212	29030	0
207924	1481	1
207924	10859	1
207924	403	1
207924	973	0
207924	32552	0
207924	2153	0
298540	8401	1
298540	4773	0
261351	531	1
261351	3468	1
261351	103	1
261351	12374	0
261351	16211	0
261351	55887	0
42186	42135	1
42186	18497	0
594030	301309	1
594030	896	0
332476	54714	1
332476	468	0
99958	1481	1
99958	38914	1
99958	174	1
99958	2331	0
99958	59166	0
99958	26203	0
114398	1570	1
114398	29030	1
114398	1682	1
114398	73995	0
114398	251	0
114398	2331	0
41702	25	1
41702	531	1
41702	173	1
41702	8302	0
41702	341	0
41702	468	0
237887	13349	1
237887	567	0
108816	80	1
108816	793	0
293790	6874	1
293790	18336	0
52441	320	1
52441	43786	1
52441	25491	1
52441	1180	1
52441	12867	0
52441	1571	0
52441	2172	0
52441	16211	0
444187	1682	1
444187	59166	1
444187	3841	0
444187	838	0
391126	2738	1
391126	53770	1
391126	6874	0
391126	41635	0
563355	14250	1
563355	91059	1
563355	567	0
563355	370	0
351340	2712	1
351340	1682	1
351340	4020	1
351340	3553	0
351340	1180	0
351340	193340	0
245523	2331	1
245523	27212	0
234090	228055	1
234090	1120	0
19792	174	1
19792	35583	0
325379	18336	1
325379	5103	0
397187	8302	1
397187	3345	0
34500	435	1
34500	2172	1
34500	228055	0
34500	14250	0
223295	531	1
223295	1180	1
223295	8467	1
223295	8468	1
223295	27971	0
223295	228055	0
223295	58348	0
223295	896	0
229859	7112	1
229859	5117	0
74719	838	1
74719	32552	0
415946	53419	1
415946	12900	1
415946	251	1
415946	26203	0
415946	14429	0
415946	63599	0
512643	15466	1
512643	301309	0
522367	6185	1
522367	6444	1
522367	1341	0
522367	301309	0
483011	73995	1
483011	32552	0
328966	173	1
328966	35583	1
328966	531	0
328966	18336	0
515276	1120	1
515276	12374	1
515276	3554	0
515276	1519	0
488767	8955	1
488767	1180	0
233838	228055	1
233838	5103	0
191452	35583	1
191452	16211	0
193304	2331	1
193304	301309	0
505678	18497	1
505678	42135	0
69117	6874	1
69117	341	0
404853	793	1
404853	838	0
357304	6185	1
357304	531	1
357304	6444	1
357304	6525	0
357304	15466	0
357304	1217	0
126853	2223	1
126853	567	0
81996	838	1
81996	6184	0
205126	879	1
205126	3553	0
489936	16211	1
489936	94956	0
323693	58348	1
323693	1704	0
353881	1481	1
353881	28781	1
353881	142	1
353881	174	1
353881	63599	1
353881	1230	0
353881	59166	0
353881	3554	0
353881	91059	0
353881	3345	0
391207	2738	1
391207	53770	1
391207	228055	0
391207	53706	0
556191	94956	1
556191	73995	0
537687	251	1
537687	55119	1
537687	655	1
537687	57757	0
537687	53468	0
537687	457	0
563204	14250	1
563204	91059	1
563204	1230	0
563204	342	0
461016	10571	1
461016	3468	1
461016	53706	0
461016	8467	0
594164	301309	1
594164	8468	0
520663	46206	1
520663	8468	0
255175	29030	1
255175	103	0
165121	6184	1
165121	174	1
165121	33434	0
165121	4773	0
561821	91059	1
561821	793	0
386654	1216	1
386654	1217	1
386654	531	1
386654	6184	0
386654	46206	0
386654	320	0
444456	40	1
444456	33434	1
444456	973	0
444456	3608	0
369066	2172	1
369066	973	1
369066	1216	0
369066	65	0
212923	7112	1
212923	6525	1
212923	25	1
212923	1340	1
212923	1341	1
212923	65164	0
212923	2331	0
212923	20273	0
212923	173	0
212923	39697	0
535738	4955	1
535738	597	1
535738	73995	0
535738	17261	0
160208	14250	1
160208	46641	0
374101	7692	1
374101	1571	0
570511	8955	1
570511	2341	0
480530	5174	1
480530	1217	0
43608	25	1
43608	597	1
43608	655	1
43608	40	0
43608	172	0
43608	2331	0
120572	172	1
120572	6484	0
270829	2223	1
270829	25491	0
185053	320	1
185053	1481	1
185053	65164	0
185053	12900	0
432884	2153	1
432884	53706	1
432884	597	1
432884	46641	0
432884	18497	0
432884	6874	0
390876	2738	1
390876	53770	1
390876	63599	0
390876	41635	0
552106	342	1
552106	2712	0
389064	73995	1
389064	4019	1
389064	53419	0
389064	5117	0
441343	12867	1
441343	67290	0
91319	91059	1
91319	370	0
299641	65164	1
299641	41635	0
256764	2341	1
256764	27971	0
503334	30208	1
503334	173	1
503334	10571	0
503334	46206	0
34552	435	1
34552	2172	1
34552	1180	0
34552	107048	0
522270	567	1
522270	6184	0
381823	35583	1
381823	4301	0
212197	53419	1
212197	53468	1
212197	172	0
212197	1217	0
372155	14250	1
372155	8302	0
250087	65	1
250087	25	1
250087	53468	0
250087	18336	0
23971	14429	1
23971	173	1
23971	18336	0
23971	53770	0
515732	5116	1
515732	5117	1
515732	46206	1
515732	4955	0
515732	1570	0
515732	54714	0
328870	370	1
328870	43786	0
117608	7112	1
117608	2172	0
68383	10859	1
68383	5117	0
21963	6484	1
21963	173	1
21963	58348	0
21963	3841	0
557370	19920	1
557370	173	1
557370	193340	0
557370	30208	0
111119	172	1
111119	173	1
111119	3314	0
111119	65164	0
342623	6185	1
342623	6444	1
342623	2223	1
342623	65164	0
342623	29030	0
342623	4510	0
233398	172	1
233398	6484	0
100290	4301	1
100290	1481	0
441368	12867	1
441368	370	0
572272	3554	1
572272	3841	0
566544	1180	1
566544	468	1
566544	793	0
566544	6185	0
184714	6525	1
184714	73995	0
90392	3554	1
90392	28781	0
499235	39697	1
499235	5103	0
345013	15466	1
345013	6525	1
345013	12867	0
345013	973	0
490079	16211	1
490079	4019	0
453731	65	1
453731	25	1
453731	1481	0
453731	58348	0
235932	32552	1
235932	1570	1
235932	107048	0
235932	142	0
485046	53706	1
485046	174	1
485046	41635	0
485046	8467	0
100249	59166	1
100249	1217	0
458730	1120	1
458730	40	1
458730	2153	1
458730	3468	1
458730	3345	1
458730	91059	0
458730	25	0
458730	6637	0
458730	25491	0
458730	27212	0
311220	2153	1
311220	3468	1
311220	3345	1
311220	4301	0
311220	19920	0
311220	320	0
569860	46641	1
569860	4019	1
569860	5117	0
569860	12374	0
114959	1481	1
114959	5116	1
114959	57757	0
114959	18497	0
65232	3468	1
65232	1230	0
480038	8955	1
480038	27971	0
470037	53419	1
470037	53770	0
227063	1571	1
227063	2331	0
127264	18497	1
127264	15466	1
127264	58348	0
127264	14250	0
405354	18336	1
405354	3314	1
405354	1570	1
405354	173	1
405354	8302	0
405354	42135	0
405354	67290	0
405354	7692	0
312463	8401	1
312463	597	1
312463	655	1
312463	30208	0
312463	53468	0
312463	12900	0
328215	18336	1
328215	20273	1
328215	1571	0
328215	4955	0
63579	457	1
63579	1180	1
63579	8955	0
63579	5116	0
81291	1519	1
81291	1180	0
222637	655	1
222637	8955	0
445849	63962	1
445849	1682	1
445849	6185	0
445849	142	0
18132	838	1
18132	655	0
155579	320	1
155579	25491	1
155579	1682	0
155579	3345	0
582791	67290	1
582791	173	1
582791	4020	0
582791	80	0
224539	4301	1
224539	173	1
224539	13349	0
224539	8401	0
78057	251	1
78057	30208	0
252664	29030	1
252664	73995	0
213486	29030	1
213486	838	0
437372	40	1
437372	457	1
437372	12374	1
437372	42135	0
437372	1056	0
437372	6525	0
550438	19920	1
550438	3553	0
384580	251	1
384580	17261	0
239894	54714	1
239894	25491	1
239894	1180	1
239894	5117	0
239894	370	0
239894	1570	0
363474	38914	1
363474	46206	1
363474	4019	0
363474	17261	0
391315	2738	1
391315	53770	1
391315	1180	0
391315	4019	0
291768	6184	1
291768	29030	0
11208	2341	1
11208	2172	0
105741	1481	1
105741	12374	1
105741	1217	0
105741	5116	0
355532	14250	1
355532	32552	0
287356	1571	1
287356	8401	0
429083	3608	1
429083	1481	1
429083	517	1
429083	531	0
429083	8468	0
429083	40	0
26324	5116	1
26324	5117	1
26324	1571	0
26324	38914	0
542264	320	1
542264	142	1
542264	174	1
542264	879	1
542264	8302	0
542264	33434	0
542264	5116	0
542264	8468	0
356379	2331	1
356379	38914	0
247302	54714	1
247302	55119	0
404908	8467	1
404908	8468	1
404908	5103	1
404908	879	0
404908	59166	0
404908	173	0
445799	63962	1
445799	1682	1
445799	53468	0
445799	2153	0
197949	320	1
197949	1481	1
197949	403	1
197949	7112	1
197949	1341	0
197949	8401	0
197949	301309	0
197949	53770	0
186897	40	1
186897	457	1
186897	38914	0
186897	341	0
433175	16211	1
433175	1704	0
577644	10571	1
577644	53419	1
577644	1230	0
577644	1481	0
367368	6185	1
367368	6444	1
367368	597	0
367368	7692	0
521675	228055	1
521675	2172	0
334405	1704	1
334405	12867	0
84820	341	1
84820	1340	0
526508	13349	1
526508	879	0
553122	13349	1
553122	3553	0
259467	320	1
259467	27971	1
259467	1481	1
259467	173	1
259467	6525	1
259467	1180	0
259467	53706	0
259467	41635	0
259467	2172	0
259467	12867	0
243277	896	1
243277	40	1
243277	174	1
243277	38914	0
243277	142	0
243277	517	0
394381	57757	1
394381	6484	0
446884	6185	1
446884	6444	1
446884	7112	0
446884	25491	0
331093	457	1
331093	5116	1
331093	5117	1
331093	1340	0
331093	14250	0
331093	1216	0
39673	1682	1
39673	6185	0
83820	1570	1
83820	35583	0
85857	879	1
85857	342	0
100415	59166	1
100415	107048	0
556307	94956	1
556307	1571	0
237741	793	1
237741	174	1
237741	25	1
237741	1704	0
237741	29030	0
237741	55119	0
487003	27212	1
487003	173	0
566626	531	1
566626	25	1
566626	4955	1
566626	2738	0
566626	6637	0
566626	4020	0
553420	6484	1
553420	5174	0
447463	107048	1
447463	174	0
510798	41635	1
510798	65	0
108857	1120	1
108857	531	0
354740	5116	1
354740	5117	1
354740	53706	0
354740	10571	0
233119	320	1
233119	1481	1
233119	403	1
233119	6525	1
233119	4301	0
233119	10859	0
233119	8401	0
233119	12900	0
127982	320	1
127982	32552	1
127982	27971	1
127982	103	0
127982	341	0
127982	174	0
432269	1519	1
432269	19920	0
540528	19920	1
540528	173	1
540528	54714	0
540528	6525	0
152099	58348	1
152099	33434	0
46512	6184	1
46512	29030	0
247174	6525	1
247174	6185	1
247174	4955	1
247174	173	1
247174	4301	0
247174	53770	0
247174	63962	0
247174	1519	0
187882	8401	1
187882	320	0
231646	4301	1
231646	531	0
37769	2738	1
37769	174	1
37769	16211	0
37769	38914	0
298142	1682	1
298142	53468	1
298142	320	0
298142	1120	0
391435	2738	1
391435	53770	1
391435	53419	0
391435	8401	0
408124	7112	1
408124	2172	1
408124	14429	0
408124	4020	0
216594	40	1
216594	457	1
216594	65164	0
216594	6484	0
314140	1216	1
314140	1217	1
314140	251	0
314140	597	0
468629	7112	1
468629	173	1
468629	655	1
468629	567	1
468629	25	1
468629	838	0
468629	793	0
468629	1120	0
468629	18497	0
468629	27971	0
554926	57757	1
554926	4020	0
412762	10571	1
412762	531	0
15839	531	1
15839	1230	1
15839	2172	0
15839	301309	0
137442	1056	1
137442	370	1
137442	531	1
137442	58348	1
137442	8401	0
137442	2223	0
137442	567	0
137442	5174	0
139680	54714	1
139680	32552	0
409556	2712	1
409556	5174	0
287169	63599	1
287169	896	0
208376	3468	1
208376	8467	0
438637	517	1
438637	53706	0
129883	29030	1
129883	55119	0
18358	173	1
18358	1571	0
236196	3553	1
236196	2331	1
236196	655	0
236196	517	0
106114	1481	1
106114	5116	1
106114	4301	0
106114	341	0
553395	6484	1
553395	59166	0
354139	6184	1
354139	3554	0
435849	19920	1
435849	33434	0
477947	1481	1
477947	38914	1
477947	457	0
477947	54714	0
353661	7112	1
353661	1481	1
353661	973	1
353661	174	1
353661	5103	0
353661	107048	0
353661	91059	0
353661	65	0
298089	1571	1
298089	1341	0
458792	1120	1
458792	40	1
458792	2153	1
458792	3468	1
458792	3345	1
458792	1216	0
458792	3314	0
458792	67290	0
458792	341	0
458792	53419	0
492416	973	1
492416	342	0
23510	1217	1
23510	2738	1
23510	13349	1
23510	53468	0
23510	173	0
23510	39697	0
171632	1481	1
171632	1180	1
171632	173	1
171632	341	0
171632	3314	0
171632	73995	0
18763	3841	1
18763	320	0
241289	32552	1
241289	6525	1
241289	63962	0
241289	301309	0
485654	342	1
485654	8468	0
218944	1570	1
218944	1571	1
218944	27971	0
218944	341	0
443378	896	1
443378	3468	0
321505	18336	1
321505	40	0
63778	18497	1
63778	173	1
63778	3468	0
63778	14250	0
129129	38914	1
129129	468	1
129129	1216	0
129129	5117	0
77694	2738	1
77694	67290	0
7829	320	1
7829	25	1
7829	655	1
7829	4019	0
7829	142	0
7829	517	0
172627	16211	1
172627	5174	0
365779	6874	1
365779	42135	1
365779	8302	0
365779	567	0
590516	531	1
590516	17261	1
590516	879	1
590516	5116	0
590516	39697	0
590516	2341	0
510701	320	1
510701	28781	1
510701	27212	0
510701	1216	0
447704	107048	1
447704	2341	0
427707	1682	1
427707	193340	1
427707	16211	0
427707	30208	0
144791	1682	1
144791	1180	0
191124	655	1
191124	46206	0
48447	18497	1
48447	27212	1
48447	597	1
48447	174	1
48447	3608	0
48447	4773	0
48447	103	0
48447	5117	0
396801	435	1
396801	1481	0
194243	2738	1
194243	29030	1
194243	2153	0
194243	15466	0
483051	73995	1
483051	5103	0
12677	6637	1
12677	26203	0
582671	67290	1
582671	173	1
582671	370	0
582671	8468	0
113574	6185	1
113574	173	1
113574	655	0
113574	973	0
34301	1481	1
34301	173	1
34301	7112	0
34301	3345	0
519034	1120	1
519034	12374	1
519034	15466	0
519034	531	0
203748	3553	1
203748	4773	0
285901	5103	1
285901	41635	0
554229	1481	1
554229	7692	1
554229	173	1
554229	1519	1
554229	172	0
554229	27971	0
554229	12900	0
554229	896	0
29829	597	1
29829	5174	1
29829	2223	0
29829	8468	0
427905	3608	1
427905	26203	0
265890	1481	1
265890	8467	1
265890	8468	1
265890	12900	0
265890	25	0
265890	228055	0
50012	6874	1
50012	2738	1
50012	63599	0
50012	342	0
354539	6184	1
354539	65164	0
221096	320	1
221096	27971	1
221096	80	0
221096	6444	0
226791	342	1
226791	3314	0
423285	40	1
423285	7692	1
423285	173	1
423285	18336	0
423285	43786	0
423285	1481	0
537522	7692	1
537522	173	1
537522	2153	0
537522	1230	0
223242	838	1
223242	8468	0
43446	41635	1
43446	26203	0
81240	597	1
81240	29030	0
335741	301309	1
335741	655	1
335741	228055	0
335741	30208	0
91950	1570	1
91950	5174	0
236769	30208	1
236769	42135	0
387792	4773	1
387792	1481	1
387792	53706	1
387792	597	1
387792	25	1
387792	103	0
387792	43786	0
387792	3314	0
387792	3345	0
387792	19920	0
293881	20273	1
293881	1216	0
341368	2341	1
341368	8468	0
223186	341	1
223186	53419	0
23918	14429	1
23918	173	1
23918	597	0
23918	7112	0
369620	1340	1
369620	1341	1
369620	8401	0
369620	18336	0
526689	46206	1
526689	30208	0
219675	3314	1
219675	7692	0
480559	1682	1
480559	73995	1
480559	55119	0
480559	1056	0
420005	80	1
420005	2153	1
420005	38914	1
420005	3468	1
420005	173	0
420005	54714	0
420005	39697	0
420005	46206	0
525673	54714	1
525673	1230	0
137184	1481	1
137184	4301	1
137184	42135	0
137184	28781	0
417296	14250	1
417296	1230	1
417296	6874	0
417296	27212	0
535528	1180	1
535528	7692	1
535528	3314	0
535528	301309	0
438821	7112	1
438821	63599	1
438821	91059	0
438821	142	0
128943	10859	1
128943	107048	0
359570	30208	1
359570	53419	0
356287	1340	1
356287	1341	1
356287	43786	0
356287	30208	0
57022	1704	1
57022	4955	0
168967	20273	1
168967	7692	1
168967	793	0
168967	1340	0
325088	370	1
325088	1570	1
325088	27212	0
325088	5103	0
563235	14250	1
563235	91059	1
563235	29030	0
563235	53770	0
224397	838	1
224397	53419	0
258174	12900	1
258174	7112	0
10401	517	1
10401	12900	0
230553	1056	1
230553	40	1
230553	320	1
230553	879	1
230553	12374	0
230553	1682	0
230553	18497	0
230553	10571	0
333666	1571	1
333666	172	0
306180	2153	1
306180	1481	1
306180	39697	1
306180	655	1
306180	25491	0
306180	6874	0
306180	10859	0
306180	3553	0
25269	1481	1
25269	46641	0
438464	40	1
438464	94956	1
438464	13349	0
438464	879	0
518508	41635	1
518508	531	0
473833	30208	1
473833	6185	0
297137	80	1
297137	531	1
297137	2223	1
297137	1120	0
297137	4301	0
297137	3553	0
340674	1120	1
340674	59166	1
340674	6874	0
340674	8467	0
407369	73995	1
407369	55887	0
16833	1682	1
16833	3345	0
477737	174	1
477737	1519	1
477737	4020	0
477737	53468	0
310777	1571	1
310777	172	0
163362	33434	1
163362	63962	0
439382	54714	1
439382	25491	1
439382	8401	0
439382	53419	0
518240	7112	1
518240	1481	1
518240	28781	1
518240	174	1
518240	531	1
518240	54714	0
518240	53770	0
518240	26203	0
518240	32552	0
518240	27212	0
544859	27212	1
544859	5103	0
557341	94956	1
557341	174	1
557341	4773	0
557341	25491	0
593296	301309	1
593296	3608	0
361763	1481	1
361763	301309	1
361763	174	1
361763	12867	0
361763	973	0
361763	8302	0
512394	46641	1
512394	193340	0
581256	4955	1
581256	3554	0
223935	3314	1
223935	1056	0
32765	1056	1
32765	468	1
32765	16211	0
32765	5174	0
561746	91059	1
561746	10859	0
436286	73995	1
436286	41635	0
568495	55119	1
568495	12374	0
100026	3468	1
100026	6184	0
421192	2153	1
421192	517	1
421192	173	1
421192	63599	0
421192	8955	0
421192	46206	0
522997	18336	1
522997	38914	1
522997	10859	1
522997	341	1
522997	1180	1
522997	35583	0
522997	55887	0
522997	12900	0
522997	4510	0
522997	94956	0
501503	468	1
501503	1180	1
501503	320	0
501503	65164	0
389124	73995	1
389124	4019	1
389124	193340	0
389124	973	0
452751	1481	1
452751	403	1
452751	597	1
452751	142	1
452751	3554	0
452751	30208	0
452751	2712	0
452751	531	0
476499	53706	1
476499	103	0
40367	80	1
40367	531	1
40367	173	0
40367	4955	0
283998	468	1
283998	1341	0
406386	3608	1
406386	1481	0
544943	27212	1
544943	1056	0
44274	6874	1
44274	3468	0
242345	40	1
242345	26203	1
242345	6525	1
242345	53419	0
242345	4510	0
242345	12374	0
421222	2153	1
421222	517	1
421222	173	1
421222	1519	0
421222	25	0
421222	18497	0
4676	655	1
4676	403	0
515057	320	1
515057	15466	1
515057	173	1
515057	103	0
515057	73995	0
515057	28781	0
338050	33434	1
338050	6525	1
338050	1704	0
338050	103	0
38854	3841	1
38854	46641	0
176928	2153	1
176928	1570	1
176928	32552	0
176928	457	0
449670	12867	1
449670	2738	0
81797	1570	1
81797	4773	0
340064	103	1
340064	94956	0
467062	5174	1
467062	53468	0
460314	35583	1
460314	3468	0
198789	6525	1
198789	4301	1
198789	63599	1
198789	1481	0
198789	301309	0
198789	370	0
284937	6874	1
284937	10859	0
488309	38914	1
488309	655	1
488309	20273	0
488309	251	0
123414	80	1
123414	1481	0
571298	173	1
571298	63599	1
571298	517	0
571298	10859	0
255148	320	1
255148	4301	1
255148	27971	1
255148	6525	1
255148	3468	0
255148	174	0
255148	193340	0
255148	58348	0
114012	5116	1
114012	1682	0
19527	174	1
19527	567	0
246438	46206	1
246438	174	1
246438	7112	0
246438	3608	0
547908	320	1
547908	27971	1
547908	7112	1
547908	173	1
547908	142	1
547908	174	1
547908	793	0
547908	59166	0
547908	6185	0
547908	53706	0
547908	2153	0
547908	4019	0
581466	67290	1
581466	174	1
581466	46206	0
581466	1704	0
223325	8467	1
223325	1180	1
223325	531	1
223325	8468	1
223325	1704	0
223325	12374	0
223325	28781	0
223325	6484	0
188672	403	1
188672	1180	1
188672	55887	0
188672	4020	0
569213	5174	1
569213	174	1
569213	80	0
569213	435	0
92924	597	1
92924	4773	1
92924	251	0
92924	228055	0
185435	3553	1
185435	6185	0
184880	1570	1
184880	2331	1
184880	18497	0
184880	457	0
351725	6184	1
351725	1571	0
58263	8467	1
58263	8468	1
58263	5103	1
58263	838	0
58263	793	0
58263	320	0
290127	370	1
290127	173	1
290127	655	0
290127	10859	0
423814	18497	1
423814	103	0
542806	7112	1
542806	6484	1
542806	174	1
542806	3553	0
542806	142	0
542806	6444	0
11089	80	1
11089	3345	0
561946	91059	1
561946	8467	0
177395	18497	1
177395	435	1
177395	1481	1
177395	80	0
177395	1180	0
177395	1056	0
469440	5174	1
469440	55119	0
551661	54714	1
551661	18336	0
7532	468	1
7532	58348	0
440790	18336	1
440790	18497	1
440790	25	0
440790	33434	0
36191	531	1
36191	567	0
107249	107048	1
107249	567	0
41302	32552	1
41302	73995	0
98647	80	1
98647	1481	1
98647	597	1
98647	32552	0
98647	65164	0
98647	4510	0
442748	12867	1
442748	1571	0
592758	301309	1
592758	55119	0
442722	40	1
442722	2153	1
442722	6184	1
442722	10859	1
442722	16211	0
442722	20273	0
442722	320	0
442722	65	0
511938	46641	1
511938	142	0
217233	1340	1
217233	1341	1
217233	320	0
217233	4020	0
484161	19920	1
484161	5117	0
200008	1571	1
200008	55119	0
520636	228055	1
520636	3841	0
115825	320	1
115825	6525	1
115825	1682	0
115825	73995	0
542737	7112	1
542737	6484	1
542737	174	1
542737	27971	0
542737	14429	0
542737	38914	0
490107	16211	1
490107	1056	0
349885	4020	1
349885	13349	0
187534	3553	1
187534	41635	0
390976	2738	1
390976	53770	1
390976	1519	0
390976	341	0
569158	8955	1
569158	173	1
569158	59166	0
569158	57757	0
212251	59166	1
212251	341	0
190763	40	1
190763	457	1
190763	42135	0
190763	54714	0
190175	32552	1
190175	173	1
190175	8302	0
190175	25	0
281335	531	1
281335	567	1
281335	10571	0
281335	3554	0
315234	65164	1
315234	27212	0
254653	8401	1
254653	3841	0
211057	3553	1
211057	2331	1
211057	5103	0
211057	6525	0
7349	2712	1
7349	173	1
7349	1704	0
7349	91059	0
520806	27212	1
520806	1180	0
206407	46206	1
206407	2223	0
575859	468	1
575859	107048	0
36354	457	1
36354	173	1
36354	174	1
36354	2341	0
36354	567	0
36354	29030	0
352639	531	1
352639	5116	1
352639	5117	1
352639	174	1
352639	4773	0
352639	57757	0
352639	40	0
352639	53419	0
426041	1056	1
426041	1340	1
426041	1341	1
426041	1519	1
426041	67290	0
426041	879	0
426041	65	0
426041	8302	0
236693	3554	1
236693	30208	0
534352	91059	1
534352	103	0
200349	4955	1
200349	6484	0
394946	1120	1
394946	3554	1
394946	33434	0
394946	838	0
454959	46641	1
454959	1682	1
454959	58348	0
454959	457	0
376757	531	1
376757	53468	1
376757	39697	0
376757	27212	0
152766	20273	1
152766	73995	0
17747	17261	1
17747	879	1
17747	567	0
17747	4020	0
355887	6525	1
355887	173	1
355887	29030	1
355887	28781	1
355887	55887	0
355887	3553	0
355887	12867	0
355887	53419	0
359677	1120	1
359677	793	1
359677	1570	1
359677	6444	0
359677	27212	0
359677	67290	0
35063	174	1
35063	41635	0
201889	3553	1
201889	517	0
43337	19920	1
43337	26203	1
43337	5103	0
43337	251	0
96265	341	1
96265	3314	0
70175	4019	1
70175	1682	0
367349	6185	1
367349	6444	1
367349	7112	0
367349	1481	0
53865	25	1
53865	53770	1
53865	4301	0
53865	53706	0
240807	43786	1
240807	73995	0
526280	40	1
526280	20273	1
526280	53770	0
526280	8955	0
288929	3553	1
288929	3554	1
288929	1682	1
288929	597	0
288929	6874	0
288929	8467	0
429672	2712	1
429672	1682	1
429672	4020	1
429672	174	0
429672	10859	0
429672	28781	0
450843	1216	1
450843	1217	1
450843	13349	1
450843	3468	1
450843	2223	1
450843	1682	1
450843	55119	0
450843	4773	0
450843	370	0
450843	403	0
450843	65164	0
450843	1519	0
386911	1682	1
386911	73995	1
386911	879	0
386911	1230	0
265739	793	1
265739	2223	0
71324	4019	1
71324	172	1
71324	2341	0
71324	3553	0
98820	3314	1
98820	103	0
490198	16211	1
490198	4510	0
6099	173	1
6099	174	1
6099	468	0
6099	2331	0
314975	65	1
314975	42135	0
514296	46641	1
514296	6184	0
570546	8955	1
570546	3468	0
11369	531	1
11369	173	1
11369	29030	0
11369	58348	0
233088	42135	1
233088	896	0
587307	7112	1
587307	17261	1
587307	174	1
587307	879	1
587307	25	1
587307	53770	0
587307	1341	0
587307	1704	0
587307	26203	0
587307	7692	0
147160	1519	1
147160	35583	0
213214	40	1
213214	1180	1
213214	42135	1
213214	1230	0
213214	4773	0
213214	1120	0
472308	20273	1
472308	5116	0
417964	10571	1
417964	25491	0
229060	32552	1
229060	6525	1
229060	173	1
229060	370	0
229060	63599	0
229060	20273	0
82330	1180	1
82330	341	0
482721	320	1
482721	53706	1
482721	27971	1
482721	2738	0
482721	39697	0
482721	15466	0
534997	54714	1
534997	5117	0
256070	53468	1
256070	341	0
223987	12900	1
223987	53468	0
90884	251	1
90884	173	0
524752	228055	1
524752	46641	0
424974	40	1
424974	655	1
424974	531	1
424974	5116	1
424974	5117	1
424974	38914	0
424974	58348	0
424974	91059	0
424974	7112	0
424974	65164	0
341787	94956	1
341787	80	0
350103	6874	1
350103	53770	1
350103	174	1
350103	107048	0
350103	435	0
350103	10571	0
245471	53419	1
245471	25491	0
589212	63599	1
589212	54714	0
592294	91059	1
592294	2172	0
97796	1180	1
97796	38914	0
563476	14250	1
563476	91059	1
563476	12867	0
563476	2712	0
428277	1682	1
428277	193340	1
428277	26203	0
428277	80	0
402054	8401	1
402054	33434	0
253586	53468	1
253586	29030	1
253586	2712	0
253586	1571	0
412576	40	1
412576	25	1
412576	142	1
412576	10571	0
412576	26203	0
412576	1481	0
576382	6185	1
576382	6444	1
576382	173	1
576382	2223	1
576382	1180	0
576382	3314	0
576382	41635	0
576382	73995	0
573751	19920	1
573751	370	1
573751	12900	0
573751	341	0
163507	1056	1
163507	174	1
163507	370	1
163507	531	1
163507	5116	1
163507	5117	1
163507	41635	0
163507	27971	0
163507	42135	0
163507	40	0
163507	46206	0
163507	173	0
283462	1056	1
283462	3553	1
283462	4773	0
283462	1217	0
565287	8955	1
565287	173	0
110910	15466	1
110910	655	0
130380	12900	1
130380	6637	0
295194	25	1
295194	1682	1
295194	193340	1
295194	435	0
295194	1056	0
295194	793	0
178114	4301	1
178114	174	1
178114	1230	0
178114	10859	0
526306	40	1
526306	20273	1
526306	53419	0
526306	655	0
561921	91059	1
561921	46641	0
9989	174	1
9989	80	0
244444	320	1
244444	20273	1
244444	27971	1
244444	173	1
244444	67290	0
244444	42135	0
244444	55119	0
244444	655	0
477629	39697	1
477629	107048	0
497442	39697	1
497442	8468	0
193012	370	1
193012	65	0
345142	30208	1
345142	20273	0
305947	1481	1
305947	403	1
305947	174	1
305947	7692	0
305947	1340	0
305947	4301	0
255872	5174	1
255872	59166	0
287330	370	1
287330	3608	0
82065	53706	1
82065	973	1
82065	142	0
82065	8467	0
418230	10571	1
418230	13349	0
448960	40	1
448960	3345	1
448960	517	0
448960	5174	0
314184	793	1
314184	73995	0
18260	8467	1
18260	8468	1
18260	5103	1
18260	457	0
18260	14429	0
18260	63599	0
394331	57757	1
394331	55887	0
127204	6185	1
127204	6444	1
127204	2223	1
127204	4019	0
127204	67290	0
127204	16211	0
471512	103	1
471512	3841	0
439901	12867	1
439901	10859	0
122994	80	1
122994	8302	0
477184	20273	1
477184	14429	0
394533	55887	1
394533	28781	0
558919	25	1
558919	57757	1
558919	1056	0
558919	3553	0
415163	40	1
415163	517	1
415163	468	0
415163	1056	0
416855	73995	1
416855	3468	1
416855	3553	0
416855	5116	0
440405	1570	1
440405	5174	1
440405	10859	0
440405	8468	0
411266	20273	1
411266	251	0
130160	2153	1
130160	1481	0
210897	3553	1
210897	1570	1
210897	4955	1
210897	173	1
210897	65	0
210897	6484	0
210897	3841	0
210897	55119	0
33342	2738	1
33342	655	0
218469	1481	1
218469	1519	1
218469	5174	0
218469	2738	0
493974	19920	1
493974	91059	0
492209	20273	1
492209	173	1
492209	4955	0
492209	174	0
247744	320	1
247744	27971	1
247744	174	0
247744	10859	0
455572	2738	1
455572	531	1
455572	3468	1
455572	53468	1
455572	5174	0
455572	193340	0
455572	107048	0
455572	3841	0
386277	103	1
386277	1217	0
243321	40	1
243321	896	1
243321	174	1
243321	63962	0
243321	38914	0
243321	1180	0
4204	457	1
4204	174	1
4204	3841	0
4204	251	0
348085	59166	1
348085	301309	0
460764	63962	1
460764	1682	1
460764	8468	0
460764	6874	0
510464	18497	1
510464	3553	1
510464	4019	1
510464	5174	1
510464	1704	0
510464	73995	0
510464	57757	0
510464	1519	0
420238	26203	1
420238	3345	0
130916	457	1
130916	1180	1
130916	53706	0
130916	301309	0
381692	35583	1
381692	16211	0
381369	40	1
381369	57757	1
381369	2738	0
381369	18336	0
571949	65164	1
571949	107048	0
342013	20273	1
342013	6525	1
342013	173	1
342013	1180	0
342013	16211	0
342013	1570	0
485891	567	1
485891	6185	0
438153	40	1
438153	12374	1
438153	29030	0
438153	3468	0
67230	1570	1
67230	14250	0
566243	6484	1
566243	597	0
476474	53706	1
476474	6184	0
69416	25491	1
69416	655	0
409378	793	1
409378	63962	0
405575	2341	1
405575	173	1
405575	342	0
405575	14429	0
470062	53419	1
470062	597	0
297170	370	1
297170	1570	0
567710	1120	1
567710	80	1
567710	4955	1
567710	1571	0
567710	1217	0
567710	4019	0
560529	65164	1
560529	3314	0
365472	12900	1
365472	655	1
365472	251	0
365472	2331	0
531929	7692	1
531929	29030	0
71509	80	1
71509	18497	1
71509	13349	0
71509	879	0
338235	6185	1
338235	2738	1
338235	6444	1
338235	173	1
338235	53419	0
338235	7112	0
338235	8468	0
338235	20273	0
105794	1481	1
105794	12374	1
105794	17261	0
105794	63962	0
247585	53468	1
247585	91059	0
186871	531	1
186871	103	1
186871	40	0
186871	32552	0
204096	6185	1
204096	1570	1
204096	2331	1
204096	1056	0
204096	6444	0
204096	63599	0
227372	2331	1
227372	174	0
187359	29030	1
187359	1180	0
164384	6184	1
164384	174	0
141896	107048	1
141896	5117	0
359395	2331	1
359395	32552	0
355507	14250	1
355507	38914	0
563147	19920	1
563147	370	1
563147	54714	0
563147	173	0
298959	46206	1
298959	6484	0
157910	2153	1
157910	173	1
157910	25491	0
157910	2712	0
431462	1519	1
431462	5117	0
471992	53419	1
471992	838	0
359456	342	1
359456	4955	0
19964	597	1
19964	6444	0
520097	19920	1
520097	1682	1
520097	28781	0
520097	2153	0
438912	1481	1
438912	174	1
438912	1519	1
438912	35583	0
438912	8468	0
438912	342	0
471120	4773	1
471120	1216	0
341317	2341	1
341317	54714	0
529590	94956	1
529590	2153	0
482971	73995	1
482971	14250	0
24375	1481	1
24375	1682	1
24375	10571	0
24375	17261	0
118356	58348	1
118356	142	0
376736	3553	1
376736	1570	1
376736	58348	1
376736	174	1
376736	2331	0
376736	4510	0
376736	3554	0
376736	8467	0
251582	29030	1
251582	1682	0
89503	1570	1
89503	1682	0
354056	28781	1
354056	457	0
194586	6525	1
194586	1340	0
587707	26203	1
587707	228055	0
398343	8955	1
398343	6185	0
157788	40	1
157788	251	0
577719	10571	1
577719	53419	1
577719	435	0
577719	3468	0
292905	94956	1
292905	18336	0
205278	6637	1
205278	17261	0
158305	172	1
158305	12867	0
188792	2738	1
188792	172	0
278100	7692	1
278100	16211	0
207897	80	1
207897	3314	1
207897	6525	0
207897	6874	0
283669	3314	1
283669	370	0
22092	1570	1
22092	2153	0
394231	57757	1
394231	1341	0
405496	3608	1
405496	1481	1
405496	1682	1
405496	26203	0
405496	59166	0
405496	46206	0
490464	1682	1
490464	193340	1
490464	3608	0
490464	173	0
561544	30208	1
561544	193340	0
12601	6637	1
12601	41635	0
515191	320	1
515191	15466	1
515191	7692	1
515191	2738	0
515191	6525	0
515191	13349	0
38118	3841	1
38118	6874	1
38118	1704	0
38118	67290	0
485802	54714	1
485802	57757	0
243809	1340	1
243809	1341	1
243809	26203	0
243809	65164	0
15639	8467	1
15639	8468	1
15639	174	1
15639	5103	1
15639	63599	0
15639	6874	0
15639	5117	0
15639	341	0
394789	4019	1
394789	35583	1
394789	1704	0
394789	251	0
94650	793	1
94650	1570	1
94650	4019	0
94650	1180	0
36885	40	1
36885	1056	0
561896	91059	1
561896	838	0
10188	25	1
10188	3314	1
10188	793	0
10188	6444	0
576785	6484	1
576785	33434	0
543496	107048	1
543496	1481	1
543496	10859	1
543496	370	1
543496	33434	1
543496	403	0
543496	342	0
543496	1570	0
543496	6525	0
543496	2153	0
120703	4019	1
120703	5103	0
43391	19920	1
43391	26203	1
43391	103	0
43391	468	0
388266	320	1
388266	18336	1
388266	342	0
388266	53419	0
533611	3841	1
533611	3468	1
533611	193340	0
533611	174	0
256686	2341	1
256686	27212	0
182964	517	1
182964	301309	0
415255	517	1
415255	58348	0
248557	320	1
248557	1481	1
248557	4301	1
248557	19920	0
248557	173	0
248557	20273	0
381722	35583	1
381722	6874	0
418534	2712	1
418534	65	0
478191	4773	1
478191	531	0
209815	2738	1
209815	1704	0
381615	35583	1
381615	4019	0
363427	2153	1
363427	3345	1
363427	8468	0
363427	7692	0
348450	173	1
348450	5174	1
348450	4773	0
348450	2341	0
569245	5174	1
569245	174	1
569245	3468	0
569245	2331	0
482677	320	1
482677	53706	1
482677	27971	1
482677	2712	0
482677	1682	0
482677	13349	0
144329	5116	1
144329	5117	1
144329	1216	0
144329	4020	0
66029	1120	1
66029	30208	0
102199	973	1
102199	1481	0
291265	1571	1
291265	3608	0
5494	25	1
5494	107048	0
497476	39697	1
497476	8955	0
60691	4019	1
60691	251	0
175911	341	1
175911	12374	1
175911	5103	0
175911	3554	0
471537	103	1
471537	172	0
354164	6184	1
354164	46206	0
259211	13349	1
259211	6444	0
189582	7112	1
189582	320	1
189582	2153	0
189582	14250	0
305066	6484	1
305066	6185	0
511621	896	1
511621	46641	1
511621	80	0
511621	18497	0
26740	2153	1
26740	5117	0
22976	1519	1
22976	5117	0
337042	2712	1
337042	80	0
441989	12374	1
441989	370	0
25297	531	1
25297	173	1
25297	1341	0
25297	4510	0
558944	25	1
558944	57757	1
558944	8467	0
558944	2223	0
585518	6185	1
585518	6444	1
585518	3468	0
585518	18336	0
190255	1570	1
190255	4301	1
190255	838	1
190255	27971	0
190255	173	0
190255	435	0
220934	40	1
220934	457	1
220934	2223	1
220934	107048	0
220934	251	0
220934	13349	0
311145	2341	1
311145	4510	0
224337	59166	1
224337	879	0
371184	7112	1
371184	1481	1
371184	174	1
371184	46206	1
371184	1230	0
371184	12374	0
371184	3841	0
371184	30208	0
570404	8955	1
570404	1481	0
80270	1570	1
80270	7692	0
533288	41635	1
533288	15466	0
488040	53770	1
488040	25491	1
488040	173	1
488040	26203	0
488040	597	0
488040	174	0
124074	1481	1
124074	5116	1
124074	6184	0
124074	17261	0
361647	1340	1
361647	1341	1
361647	53770	0
361647	2738	0
95035	40	1
95035	3608	0
243492	65	1
243492	879	0
409459	2712	1
409459	25	0
464285	3468	1
464285	55887	1
464285	879	1
464285	172	0
464285	13349	0
464285	28781	0
185381	40	1
185381	1571	1
185381	1180	1
185381	1519	0
185381	27212	0
185381	12900	0
482561	73995	1
482561	91059	0
397237	8302	1
397237	597	0
515941	54714	1
515941	55887	0
194769	6185	1
194769	73995	0
439757	2712	1
439757	73995	1
439757	4510	0
439757	6444	0
448628	2712	1
448628	63962	1
448628	1682	1
448628	59166	0
448628	3345	0
448628	6637	0
227090	838	1
227090	4510	0
53214	25	1
53214	173	1
53214	12867	0
53214	58348	0
16074	3553	1
16074	8302	0
458572	7112	1
458572	1481	1
458572	53706	1
458572	174	1
458572	1056	0
458572	6525	0
458572	457	0
458572	63599	0
118293	58348	1
118293	10571	0
59496	2153	1
59496	173	1
59496	1230	0
59496	793	0
456548	1481	1
456548	597	1
456548	142	1
456548	80	0
456548	251	0
456548	10571	0
407986	403	1
407986	30208	0
452050	46641	1
452050	1682	1
452050	2331	0
452050	342	0
457602	896	1
457602	173	1
457602	63962	0
457602	1481	0
416667	40	1
416667	73995	1
416667	3468	1
416667	973	0
416667	517	0
416667	17261	0
99784	793	1
99784	1481	1
99784	7112	0
99784	53706	0
429532	27212	1
429532	6184	0
20632	14429	1
20632	16211	0
238274	12900	1
238274	1056	0
261578	2712	1
261578	10859	0
69806	1570	1
69806	3608	0
261497	7112	1
261497	25	1
261497	6185	0
261497	17261	0
445954	40	1
445954	12374	1
445954	80	0
445954	18336	0
525290	65164	1
525290	4510	0
213239	40	1
213239	1180	1
213239	42135	1
213239	6525	0
213239	65164	0
213239	597	0
